Name,HW1,HW2,HW3,HW4,HW5,HW6,HW7,HW8,HW9,HW10,Project1,Project2,Quiz1,Quiz2,Quiz3,Quiz4,Test1,Test2,Final1
Rachel Nichols,66,68,67,67,67,NTI,76,54,66,69,65,76,54,70,57,56,64,NTI,63
Jessica Jimenez,89,71,NTI,70,89,89,NTI,NTI,82,NTI,83,85,78,95,80,NTI,87,92,78
Brian Smith,60,71,66,52,76,52,50,66,86,61,67,50,EXC,52,69,75,57,NTI,79
Angela Robbins,EXC,49,69,62,66,EXC,EXC,70,79,52,86,61,77,73,79,63,EXC,77,71
Christopher Brown,89,97,67,86,76,75,72,100,97,96,NTI,97,94,71,89,98,82,73,84
Luis Robbins,49,72,49,55,44,71,57,56,72,43,48,41,44,48,66,83,52,71,61
Gregory Brown,77,NTI,65,79,NTI,69,70,NTI,85,NTI,87,NTI,83,85,68,75,84,65,77
Jeremy Thomas,74,61,54,83,71,76,84,87,94,64,79,85,84,86,68,93,79,65,75
Mary Brewer,79,86,89,EXC,100,100,78,97,86,92,NTI,84,96,78,82,72,92,87,84
Kenneth Richards,93,NTI,93,NTI,76,85,NTI,77,69,69,95,95,82,70,89,90,76,75,78
Kara Wheeler,85,74,60,53,59,48,56,81,79,69,44,32,50,39,76,47,67,65,52
Lisa Rojas,70,81,68,93,85,EXC,81,91,72,87,70,81,EXC,83,EXC,EXC,NTI,81,98
Robert Mccarthy,75,69,76,71,64,66,68,76,74,80,58,60,58,74,75,63,76,48,73
Caitlin Bray,87,85,66,85,91,99,84,89,82,77,80,75,77,80,83,91,86,97,87
Jessica Walker,99,EXC,80,63,68,59,71,80,69,57,75,63,58,75,EXC,76,91,54,76
Michael Stewart,99,96,74,77,NTI,81,NTI,82,85,87,89,NTI,NTI,EXC,71,NTI,98,99,90
Jessica Cervantes,53,75,83,72,58,NTI,70,NTI,61,66,75,76,70,73,69,55,69,60,57
William Gomez,69,77,85,91,86,74,74,71,92,73,67,95,75,75,89,80,80,70,EXC
Wendy Pittman,NTI,76,EXC,NTI,74,85,NTI,EXC,91,97,NTI,81,90,85,95,68,84,85,87
Kyle Simpson,78,89,72,97,87,89,97,93,64,90,NTI,77,91,EXC,95,88,82,88,75
Amy Schmitt,57,NTI,52,78,61,63,70,77,NTI,80,NTI,NTI,55,NTI,56,68,73,65,81
Kevin Watkins,85,80,88,85,81,77,NTI,NTI,76,87,85,75,EXC,85,81,87,75,73,89
Mark Larsen,EXC,69,91,86,77,86,NTI,79,77,87,76,NTI,88,84,71,80,81,88,79
Gregory Haley,89,88,97,72,94,78,94,93,95,90,91,100,98,84,71,85,83,93,81
Joshua Reynolds,97,91,NTI,EXC,77,80,91,96,65,67,65,93,EXC,83,85,80,92,EXC,83
Margaret Allen,77,73,74,76,81,69,79,74,EXC,75,78,89,95,87,72,73,98,68,85
Albert Ho,NTI,67,65,71,86,77,57,59,54,NTI,84,68,75,EXC,77,74,71,80,67
Maurice Hart,EXC,77,52,EXC,69,50,78,77,53,56,71,61,66,77,63,73,62,75,NTI
Nancy Washington,NTI,68,62,62,NTI,NTI,57,EXC,81,57,74,58,67,59,79,67,72,73,EXC
Alice Miller,75,61,78,82,58,NTI,67,81,88,70,70,57,79,72,76,77,73,81,71
Matthew Whitaker,64,NTI,84,60,78,63,NTI,77,90,71,66,91,70,64,70,60,65,75,NTI
John King,59,66,49,68,56,70,68,49,74,66,74,54,61,46,NTI,66,61,58,71
Anthony Allen,80,81,91,90,78,85,NTI,81,90,83,86,75,NTI,86,NTI,77,97,89,81
Gary Smith,69,71,NTI,74,74,68,NTI,NTI,55,74,57,91,78,71,76,88,71,82,79
Jeremiah Woodward,97,90,78,74,91,77,76,83,80,94,97,NTI,93,86,NTI,NTI,90,NTI,EXC
Jeffrey Wilson,69,69,60,95,82,67,73,NTI,73,83,70,61,70,73,EXC,84,70,73,74
Jeffrey Lee,73,88,81,78,68,69,73,85,65,73,69,78,78,74,74,81,88,82,71
Veronica Davis,81,91,64,64,73,68,71,76,81,78,63,78,83,65,EXC,84,71,68,70
Edward Johnson,66,69,81,89,81,88,EXC,75,84,90,94,87,NTI,91,78,75,90,85,98
Lisa Bennett,70,77,52,67,69,84,66,67,NTI,73,65,92,81,53,63,69,75,60,62
Christina Russell,57,73,72,72,61,54,EXC,71,70,65,66,76,65,71,EXC,79,62,54,60
Amanda Payne,91,66,90,NTI,78,56,78,68,82,NTI,83,59,90,66,93,NTI,77,73,NTI
Jason Simpson,76,64,75,NTI,81,77,72,92,NTI,95,86,NTI,65,99,90,98,NTI,79,78
Christian Clark,94,EXC,90,NTI,79,93,67,79,89,NTI,77,80,NTI,86,84,EXC,71,NTI,99
Jennifer Schaefer,82,EXC,91,95,NTI,85,NTI,89,NTI,83,99,71,93,88,92,74,85,87,95
David Lawrence,56,61,48,65,EXC,59,67,42,40,42,41,44,54,37,41,52,43,54,48
Kristin Brown,NTI,67,89,82,74,61,92,86,67,82,67,64,82,77,88,70,56,87,74
Taylor Williamson,78,57,85,84,72,68,85,86,80,86,82,84,67,EXC,90,74,86,82,50
Miranda Long,98,NTI,82,93,86,93,97,89,89,88,94,99,68,85,81,92,78,90,92
Stephanie Ferrell,EXC,63,96,58,49,71,69,79,65,52,63,68,60,68,EXC,65,65,61,76
Cassandra Weber,67,67,55,71,61,49,EXC,53,70,68,59,EXC,58,78,54,56,NTI,65,NTI
Mark Powell,68,78,69,59,71,52,60,62,42,63,80,73,65,69,69,58,65,57,53
Ronald Moore,94,98,81,100,75,100,67,86,87,98,77,91,EXC,94,NTI,81,90,77,88
Kristin Vasquez,100,NTI,EXC,93,76,76,70,77,65,93,67,88,65,65,EXC,NTI,90,77,EXC
Jennifer King,83,76,86,68,85,NTI,79,68,78,74,80,77,83,83,78,75,91,NTI,76
Anthony White,63,48,61,61,66,59,61,61,74,52,45,50,70,55,59,58,52,74,67
Linda Martinez,59,65,70,49,NTI,58,71,45,63,60,60,44,50,57,NTI,49,37,NTI,57
Jason Erickson,67,74,78,83,84,87,88,82,77,62,70,90,71,94,80,58,74,72,74
John Pollard,NTI,73,76,91,87,85,76,95,86,78,82,80,EXC,99,77,78,NTI,92,EXC
Cheyenne Johnson,81,EXC,90,92,77,91,83,89,EXC,82,94,75,75,92,80,86,91,93,72
Vincent Watts,98,80,79,76,87,74,84,88,NTI,92,89,82,97,81,91,90,66,61,84
Sandra Duarte,72,78,72,73,77,79,69,NTI,82,74,EXC,67,85,80,75,73,74,83,NTI
Justin Russo,81,EXC,86,73,85,76,72,89,64,65,55,86,69,76,61,58,67,79,89
Anthony Tyler,86,EXC,95,86,78,95,87,100,82,83,66,87,99,75,68,NTI,88,99,97
William Mann,81,75,NTI,76,80,96,85,90,NTI,84,84,77,76,93,75,86,91,97,NTI
Rebecca Flores,48,58,55,50,57,38,49,NTI,42,41,EXC,46,45,47,52,51,49,41,31
Jason Roberts,79,82,85,91,79,69,70,90,95,89,94,88,88,94,73,75,87,NTI,NTI
Susan Silva,89,90,98,86,83,91,85,83,85,83,86,86,NTI,81,100,92,81,93,86
Taylor Frank,NTI,62,76,80,52,78,86,84,43,72,48,44,43,EXC,62,67,57,73,50
Brianna Johnston,61,76,71,44,80,75,84,NTI,75,79,65,67,EXC,63,68,76,NTI,77,60
Eric Weaver,EXC,85,NTI,EXC,45,65,56,58,56,69,EXC,54,57,49,67,61,71,59,88
Jacob Green,67,80,69,66,63,81,63,94,65,77,71,82,EXC,86,76,66,81,83,68
Andrew Strong,49,44,50,59,54,61,50,72,56,50,54,58,60,53,54,63,64,60,48
Angel Wheeler,NTI,91,NTI,NTI,NTI,85,62,77,NTI,66,81,77,NTI,90,NTI,91,75,NTI,97
Joseph Garcia,90,96,81,82,90,78,EXC,93,87,90,95,89,76,94,75,76,89,71,89
Brittney Lawson,52,53,NTI,54,EXC,77,50,59,EXC,55,63,54,61,35,51,63,54,53,67
Nicholas Smith,59,48,66,72,68,62,45,72,62,NTI,44,64,54,52,55,60,58,NTI,62
Heather Meyer,64,NTI,71,69,85,65,68,57,77,63,78,76,61,57,63,61,75,57,NTI
Maria Price,77,69,57,61,72,63,74,64,66,74,79,73,56,84,77,64,77,73,86
Zachary Bowen,87,70,83,85,69,93,92,73,92,71,86,89,78,60,71,85,68,88,84
Shawn Gonzales,72,70,58,82,73,71,98,79,84,84,NTI,87,74,76,81,72,93,71,84
Debra Thomas,59,51,NTI,58,45,66,55,73,79,45,NTI,NTI,64,NTI,71,64,68,74,68
Sarah Simon,58,NTI,63,51,71,67,54,63,68,NTI,59,41,52,68,60,53,68,70,70
George Williams,73,77,88,75,43,72,59,48,65,NTI,74,78,EXC,77,67,NTI,68,63,85
Heather Garcia,81,NTI,80,71,79,79,85,67,91,86,82,NTI,80,89,EXC,92,81,84,70
David Watson,73,68,70,83,NTI,81,74,93,76,89,95,66,NTI,66,80,85,84,94,80
Matthew Green,68,70,61,82,81,65,79,EXC,73,73,70,66,80,84,74,80,83,82,NTI
Donald Ponce,NTI,76,68,89,78,72,NTI,92,EXC,74,81,72,82,EXC,74,64,70,66,64
Lori Guzman,86,EXC,79,76,82,74,83,94,68,EXC,79,83,85,61,92,97,86,76,78
Gregory Calhoun,96,91,90,79,95,EXC,67,92,81,EXC,65,85,90,99,75,84,79,69,92
Claudia Williams,NTI,NTI,82,64,84,80,70,NTI,68,73,79,64,NTI,91,75,81,88,71,63
James Burke,77,74,58,83,NTI,EXC,74,NTI,81,79,87,77,70,74,89,64,NTI,92,60
Jason Scott,76,80,NTI,73,78,78,66,92,68,77,86,91,89,82,86,NTI,69,93,75
