Name,HW1,HW2,HW3,HW4,HW5,HW6,HW7,HW8,HW9,HW10,Project1,Project2,Quiz1,Quiz2,Quiz3,Quiz4,Test1,Test2,Final1
Jason Zimmerman,81,71,77,59,79,EXC,86,91,78,82,78,76,73,92,71,56,84,NTI,86
Paul Morrison,69,59,EXC,79,77,67,55,75,76,68,EXC,71,EXC,67,67,62,52,69,77
Danielle Clark,78,91,EXC,91,EXC,EXC,78,64,74,100,91,92,79,85,92,93,79,87,82
Jacob Patterson,81,64,64,67,70,NTI,80,72,82,59,78,66,74,71,70,72,65,82,70
Brandon Little,93,83,77,78,92,98,82,72,100,92,89,NTI,78,85,85,NTI,80,80,80
Jessica Jimenez,68,92,87,91,90,90,73,96,96,EXC,NTI,97,95,89,87,85,88,77,85
Blake Foster,71,55,50,EXC,58,56,EXC,72,71,48,80,57,64,67,NTI,49,NTI,59,26
Steven Sanders,66,82,69,74,77,72,72,64,87,67,EXC,65,92,90,76,70,76,85,76
Keith Walker,72,65,73,84,69,52,59,70,68,71,EXC,74,67,74,72,67,76,64,89
Jennifer Johnson,93,EXC,83,78,81,72,80,84,61,NTI,NTI,86,69,77,62,73,NTI,72,72
Christy Munoz,82,87,85,EXC,86,80,68,80,71,77,78,80,80,96,80,75,97,82,88
Mary Brewer,NTI,59,50,60,42,47,55,55,44,65,62,EXC,47,54,46,64,69,65,55
Mary Rasmussen,72,81,84,96,EXC,95,84,70,92,91,74,80,87,72,90,75,87,87,89
Jose Ramirez,70,85,85,88,71,NTI,97,73,84,70,78,84,100,74,94,82,91,82,96
Stephanie Thomas,66,83,93,76,60,82,80,75,82,85,53,57,66,79,71,61,79,78,78
Matthew Schneider,71,72,75,76,90,39,80,79,73,76,91,79,75,77,83,81,69,71,70
Jennifer Harrison,87,EXC,EXC,85,90,EXC,94,82,90,94,88,78,75,NTI,71,81,76,79,EXC
Kara Wheeler,73,75,87,69,83,89,59,62,71,88,80,93,86,75,98,81,67,69,NTI
Donna Cummings,79,85,71,78,72,NTI,EXC,78,69,80,66,60,79,67,87,65,74,67,NTI
Christopher Rodriguez,90,83,86,80,93,96,87,87,EXC,96,92,77,100,NTI,90,70,EXC,89,74
Chelsey Salazar,63,84,84,79,64,62,NTI,81,79,88,EXC,69,72,78,50,NTI,81,73,73
Timothy Hall,82,93,NTI,EXC,92,66,80,EXC,84,91,76,87,74,77,69,78,78,80,92
Kristine Thomas,39,NTI,48,NTI,48,48,38,EXC,53,48,EXC,64,49,56,59,63,49,32,40
Jessica Walker,66,81,88,54,71,81,68,68,66,65,65,73,51,63,74,53,57,73,NTI
Kara Martin,64,69,67,76,66,69,71,EXC,63,73,72,76,78,90,72,68,84,74,72
Dawn Garcia,87,NTI,EXC,61,76,65,83,71,82,79,75,82,81,71,69,71,EXC,86,68
Karen Adams,NTI,94,69,EXC,69,89,55,74,68,NTI,EXC,68,55,67,67,EXC,70,73,79
Janet Sanchez,NTI,78,NTI,NTI,71,84,NTI,56,64,51,77,63,62,EXC,48,64,71,63,NTI
Matthew Young,70,85,79,65,97,77,80,85,89,94,69,EXC,EXC,83,62,NTI,69,81,97
Melanie Butler,83,75,86,61,EXC,80,86,EXC,78,70,80,75,83,78,78,76,72,75,75
Tina Lopez,NTI,66,54,EXC,61,EXC,74,48,73,57,61,76,66,NTI,59,60,79,61,87
Jonathan Parker,NTI,48,46,NTI,64,59,61,50,60,50,EXC,54,59,NTI,63,67,58,63,50
Kevin Watkins,75,66,71,73,88,85,52,60,90,77,84,85,66,EXC,72,58,66,73,81
Mark Larsen,85,74,86,92,87,77,83,NTI,73,86,85,75,90,99,89,87,80,88,NTI
Gregory Santos,95,86,84,86,77,63,77,91,86,62,83,79,91,71,76,79,69,64,EXC
Mark Davis,66,56,94,92,91,89,69,84,68,68,73,59,61,56,92,76,62,EXC,71
Barbara King,86,70,82,97,82,81,EXC,84,91,79,84,77,NTI,NTI,83,77,80,78,95
David Simpson,72,76,97,90,97,73,79,74,73,88,92,61,99,83,88,72,86,84,79
Richard Matthews,64,70,54,66,66,72,69,79,NTI,70,72,69,96,76,66,85,81,EXC,72
Vanessa Caldwell,80,82,65,79,74,61,55,62,68,78,50,71,74,74,NTI,73,76,71,70
Austin Bennett,77,63,97,NTI,88,78,77,84,83,NTI,93,88,86,84,66,83,77,76,NTI
Danielle Harvey,88,99,81,NTI,83,NTI,88,91,97,79,86,EXC,94,92,70,NTI,NTI,97,93
Andrew Zimmerman,71,89,90,95,79,93,84,91,92,88,80,82,EXC,93,80,97,94,99,NTI
Danielle Steele,100,91,88,95,85,96,74,93,76,83,78,94,91,91,EXC,92,94,93,84
Vanessa Vega,57,61,77,NTI,69,NTI,NTI,NTI,71,68,EXC,64,EXC,65,68,79,68,62,66
Tracy Stuart,33,53,43,41,61,61,43,43,NTI,32,EXC,32,51,57,49,41,50,64,NTI
Thomas Thomas,EXC,80,90,83,77,97,67,68,82,99,66,82,83,89,86,88,77,46,63
Cathy Chandler,87,80,80,85,94,87,97,81,87,88,99,90,86,84,NTI,79,80,77,100
Nancy Washington,59,86,85,79,76,NTI,EXC,EXC,62,81,70,84,89,61,63,EXC,83,78,EXC
Carlos Barber,NTI,57,69,48,59,EXC,EXC,60,59,66,63,NTI,60,56,57,62,NTI,60,75
Theresa Davis,93,65,90,76,74,84,90,69,81,93,EXC,74,81,EXC,89,90,81,87,72
Karen Rodriguez,EXC,84,82,97,96,92,EXC,86,NTI,99,99,100,85,NTI,95,89,99,98,92
Sheila Mitchell,86,NTI,79,71,76,96,65,98,92,86,98,96,74,86,85,87,75,74,97
Christopher Roach,71,70,73,NTI,59,57,81,65,72,74,54,NTI,71,84,96,78,93,81,83
Willie Barrett,56,44,63,54,50,55,72,74,72,47,61,56,56,75,NTI,78,64,62,NTI
Jonathan Vasquez,70,75,51,61,64,35,57,41,68,66,EXC,NTI,70,52,EXC,47,52,EXC,55
Emily Brown,70,75,NTI,53,76,80,NTI,78,77,81,85,73,76,63,78,91,73,68,NTI
Jeffrey Wilson,86,83,98,57,75,79,69,98,83,79,72,75,75,74,86,77,79,82,83
Jeffrey Lee,77,68,69,78,76,60,61,71,84,80,75,82,78,82,80,NTI,90,77,100
Veronica Davis,78,93,78,99,NTI,90,77,76,83,90,77,79,85,76,91,EXC,85,71,77
Jeremy Dunn,62,80,73,76,56,76,94,55,70,90,81,NTI,65,85,73,67,86,65,90
Steven Ortiz,68,81,NTI,88,83,80,83,63,86,82,75,84,90,87,84,82,EXC,76,66
Edward Johnson,94,83,71,57,82,80,72,80,74,73,73,74,73,63,80,85,68,75,95
Lisa Bennett,95,90,83,92,97,98,87,76,100,95,93,73,90,EXC,91,99,88,82,99
James Bryan,76,71,57,74,78,55,69,66,77,75,65,70,61,55,60,NTI,70,61,EXC
James Allen,64,67,89,81,78,71,79,69,75,82,NTI,NTI,68,EXC,63,61,76,78,NTI
Kayla Singleton,80,80,75,84,82,74,71,82,78,72,70,71,EXC,59,82,98,62,90,NTI
Amanda Payne,NTI,69,100,94,80,74,NTI,96,85,83,74,94,72,77,95,EXC,90,89,NTI
Ashley Bowers,73,82,66,66,67,59,71,72,68,80,74,76,67,79,76,70,63,78,59
Jennifer Schaefer,96,88,96,NTI,90,91,81,94,76,63,79,66,90,92,NTI,EXC,94,84,EXC
Olivia Moran,71,73,91,80,88,72,72,86,98,81,73,63,65,71,66,81,80,81,75
Kristin Brown,EXC,77,63,60,55,53,EXC,64,52,64,88,67,70,NTI,69,72,EXC,72,NTI
Taylor Williamson,55,41,61,75,47,53,75,68,46,NTI,66,74,49,69,74,52,73,67,50
David Myers,77,82,59,53,49,61,70,61,55,67,73,72,64,60,80,66,62,EXC,58
Robin Smith,58,NTI,81,92,NTI,71,81,82,72,69,92,59,EXC,83,76,NTI,EXC,74,NTI
Miranda Long,79,70,80,89,95,83,79,73,63,68,57,71,88,74,78,83,79,87,71
Marc Knight,89,77,69,85,75,69,85,99,73,68,93,65,78,76,76,88,83,80,EXC
Matthew Brown,65,85,NTI,67,NTI,74,80,66,85,83,70,64,67,72,78,71,87,NTI,87
Mark Powell,63,71,56,60,57,71,80,79,84,64,NTI,NTI,62,56,63,66,50,51,61
Ashley Smith,66,68,54,NTI,73,72,NTI,73,68,86,80,70,61,EXC,66,68,NTI,EXC,58
Steven Cole,79,82,93,86,93,79,76,84,90,95,EXC,95,88,93,93,79,86,98,95
Linda Martinez,91,81,95,81,89,EXC,98,80,93,78,68,91,79,86,EXC,87,85,98,85
Jason Erickson,61,71,72,75,51,70,NTI,47,72,79,86,62,89,65,78,86,68,73,73
Alex Bailey,70,62,84,73,71,46,69,57,74,81,50,64,80,62,75,72,71,78,77
Jason Cunningham,77,84,NTI,63,73,70,83,77,70,74,72,72,63,89,90,63,79,72,80
Caroline Garrett,82,78,97,90,88,86,93,98,99,86,98,87,81,92,98,73,98,72,90
Angel Willis,65,72,NTI,63,EXC,65,58,60,NTI,70,56,NTI,50,56,60,49,48,61,56
Victoria Vasquez,72,64,EXC,EXC,67,EXC,65,67,66,41,59,60,52,78,EXC,54,58,55,55
Chad Johnson,88,82,99,96,92,NTI,87,90,79,96,96,93,85,NTI,94,93,91,93,92
Deborah Gordon,62,62,73,70,58,63,50,58,54,82,70,62,66,76,73,EXC,55,EXC,72
Timothy Acosta,76,80,79,67,73,100,99,79,77,91,EXC,88,88,EXC,87,90,90,74,83
Jose Snow,94,96,91,94,84,72,80,73,83,92,75,84,100,77,85,90,99,87,88
Tracy Hernandez,85,69,69,79,75,73,NTI,88,NTI,73,88,50,79,79,69,69,59,94,70
Maria Fuentes,69,NTI,70,NTI,70,70,77,74,92,69,73,NTI,77,59,73,85,82,NTI,71
Megan Rojas,88,76,65,68,76,62,80,77,92,87,76,89,NTI,59,67,72,80,80,76
William Mann,64,85,NTI,NTI,72,65,93,87,74,NTI,70,85,77,77,86,92,95,78,75
Rebecca Flores,68,54,52,69,NTI,61,67,50,43,61,53,NTI,78,52,NTI,66,47,52,48
Johnny Mack,80,84,95,91,92,86,EXC,67,87,91,83,86,EXC,77,87,78,60,72,81
Bianca Gonzalez,81,74,96,75,EXC,83,77,94,85,97,83,75,81,68,86,90,66,80,71
Ronald Hester,59,76,68,66,68,77,72,90,92,50,82,73,EXC,60,74,68,83,66,66
Samantha Hampton,67,87,77,64,79,93,56,85,86,75,NTI,69,NTI,80,79,89,79,70,71
Taylor Frank,89,59,71,60,75,EXC,57,70,EXC,55,75,57,64,58,56,NTI,NTI,61,89
Kevin Holmes,63,64,100,82,62,65,73,56,72,76,74,74,NTI,64,67,71,69,80,NTI
Jessica Woods,71,78,88,68,67,84,67,82,79,75,75,77,68,94,79,92,69,73,72
Megan Walsh,79,84,96,66,87,88,94,78,83,60,95,92,NTI,89,82,EXC,91,84,95
Rachel Graham,81,75,90,73,78,77,73,74,95,66,78,67,59,76,61,88,77,67,70
Kristen Schmidt,71,72,82,71,81,62,51,58,55,64,67,68,67,85,45,60,35,78,67
Ariel Powers,63,79,65,78,EXC,78,78,70,57,87,82,NTI,70,EXC,70,82,NTI,73,56
Angel Wheeler,59,65,55,64,56,58,61,51,69,NTI,73,60,65,61,67,65,76,62,59
William Alvarez,71,87,90,77,EXC,83,74,73,77,66,60,81,EXC,80,83,78,66,78,83
Kathy Stewart,77,76,NTI,78,60,86,NTI,63,NTI,75,88,88,69,NTI,EXC,72,NTI,NTI,80
Brittney Lawson,57,59,43,51,52,EXC,43,55,67,62,73,42,57,47,71,44,50,68,55
April Joyce,83,NTI,81,69,EXC,74,70,67,84,63,EXC,89,73,77,57,88,EXC,69,83
Douglas Morales,76,78,66,85,85,81,55,97,96,63,85,74,77,63,87,68,77,NTI,74
Sara Morton,71,64,82,81,81,54,EXC,77,78,60,65,78,89,61,NTI,87,84,72,60
Diamond Miller,56,45,48,45,46,61,44,64,66,73,60,50,52,45,45,65,NTI,62,51
Nicole Adams,78,72,61,69,65,85,89,83,84,97,76,72,84,EXC,81,77,80,78,75
Ricky Long,52,64,58,63,47,50,39,59,49,69,49,59,66,NTI,51,62,56,59,49
Robert Davenport,84,EXC,EXC,69,81,64,53,71,70,74,65,72,52,71,70,EXC,49,68,68
Garrett Fuller,75,78,70,62,83,90,74,99,72,82,57,79,77,95,79,95,78,78,96
Lindsay Campbell,62,54,29,NTI,52,36,31,50,60,44,71,43,66,EXC,69,34,51,63,61
Nicholas Smith,59,72,47,80,56,79,58,77,64,63,66,NTI,81,82,74,67,NTI,68,74
Amber Brown,76,72,83,86,84,81,90,84,74,90,55,58,75,NTI,91,83,81,67,92
Maria Price,71,79,77,69,53,72,76,75,66,69,91,72,71,66,75,76,61,86,68
Justin Scott,83,91,85,86,NTI,87,89,93,92,93,86,87,83,89,93,91,90,93,81
Bruce Sanders,NTI,65,69,76,92,84,NTI,NTI,76,89,89,75,NTI,79,74,76,76,NTI,61
Laurie Clark,NTI,97,60,74,84,NTI,NTI,44,61,NTI,88,91,71,NTI,61,64,52,61,75
Ashley Bates,94,74,NTI,86,NTI,89,90,90,77,69,88,81,95,NTI,81,78,93,NTI,NTI
Kayla Moore,88,61,89,88,NTI,60,81,76,90,95,89,EXC,78,77,77,37,78,76,97
Christopher Patterson,94,81,68,82,69,NTI,74,94,86,EXC,75,78,NTI,77,83,NTI,87,62,68
Kimberly Hutchinson,41,67,60,62,66,EXC,59,52,NTI,61,47,77,68,65,69,57,66,67,39
Anthony Berry,NTI,79,64,56,82,64,65,80,68,NTI,78,61,NTI,67,NTI,53,EXC,66,61
Sarah Hess,74,76,75,79,EXC,67,66,64,91,80,75,61,61,54,69,62,81,79,72
Amy Fernandez,65,62,EXC,71,65,61,NTI,49,73,81,58,63,64,77,76,53,56,50,NTI
Christina White,73,62,65,EXC,62,59,70,61,71,77,69,53,53,71,53,EXC,85,48,89
Elizabeth Herrera,66,67,77,71,74,71,74,50,62,69,83,56,79,79,64,NTI,NTI,65,71
Tracy Sandoval,75,83,77,82,74,71,75,90,80,86,82,84,77,91,79,76,88,82,65
Sabrina Walker,89,98,83,79,72,83,88,NTI,EXC,87,78,87,87,EXC,82,75,88,75,90
Ashley Rodriguez,NTI,85,80,86,NTI,83,80,85,95,72,NTI,95,89,90,NTI,89,72,68,72
Amber Stewart,79,95,98,NTI,NTI,97,76,78,88,NTI,82,75,EXC,83,82,92,EXC,82,81
Michelle Jensen,56,72,82,66,81,87,97,63,79,100,90,86,86,69,90,71,EXC,82,NTI
Allen Jackson,91,92,86,86,69,58,87,79,74,65,EXC,78,85,87,82,81,EXC,89,60
Anthony Barker,44,83,72,67,73,80,65,64,72,41,74,77,51,74,75,63,67,60,75
Angela Cisneros,60,90,EXC,83,74,88,68,99,89,61,78,79,82,84,75,65,83,72,73
