Name,HW1,HW2,HW3,HW4,HW5,HW6,HW7,HW8,HW9,HW10,Project1,Project2,Quiz1,Quiz2,Quiz3,Quiz4,Test1,Test2,Final1
Janice Vaughn,EXC,79,83,75,62,90,93,89,79,58,71,76,EXC,77,69,96,91,94,71
Wanda Franco,69,97,55,81,61,74,75,68,75,61,69,72,69,71,71,59,67,63,55
Paul Morrison,EXC,55,51,42,NTI,56,69,56,EXC,58,NTI,69,42,52,42,EXC,66,55,53
Danielle Clark,58,71,87,61,NTI,75,66,69,67,78,69,56,54,62,69,76,NTI,55,60
Lindsey Brown,72,76,70,62,80,62,73,NTI,72,86,74,70,68,60,79,86,70,57,62
Brandon Little,EXC,85,84,90,93,83,73,EXC,76,87,79,91,86,65,87,83,87,80,93
Mary Brewer,EXC,70,67,67,72,49,74,NTI,75,82,67,NTI,59,48,NTI,60,62,70,50
Jennifer Dillon,60,81,96,82,92,82,85,82,76,74,EXC,75,89,86,EXC,52,86,62,95
Jose Ramirez,NTI,53,NTI,58,67,51,NTI,66,67,64,70,63,47,45,70,63,68,68,76
Lauren Brooks,84,79,NTI,89,79,68,75,78,77,81,83,86,82,82,79,74,80,93,79
Kara Wheeler,50,46,55,71,64,55,NTI,43,46,NTI,31,48,NTI,40,69,35,50,63,47
Donna Cummings,70,58,60,NTI,70,70,68,66,71,65,69,66,64,60,NTI,75,74,67,74
Rhonda Wilson,55,60,63,62,NTI,62,70,48,EXC,50,56,67,NTI,NTI,53,72,63,66,70
Ralph Gilbert,52,45,50,50,68,70,NTI,53,NTI,59,76,NTI,50,59,64,NTI,NTI,55,NTI
Chelsey Salazar,90,86,92,56,72,44,78,71,78,79,87,68,60,70,70,83,82,77,79
Michael Stewart,85,93,82,70,88,92,59,83,77,92,84,93,87,80,91,89,77,74,70
Jessica Cervantes,68,60,51,67,EXC,NTI,66,72,74,NTI,83,89,76,66,75,78,EXC,74,55
Jacqueline Ray,66,NTI,67,77,78,82,87,NTI,88,EXC,NTI,85,69,82,85,89,88,81,NTI
William Gomez,74,88,83,69,69,64,NTI,68,66,67,64,67,59,48,66,61,57,60,58
Patricia Johnston,86,82,78,72,83,84,72,93,91,84,99,93,91,78,EXC,98,73,89,EXC
Alexander Rodriguez,57,54,75,54,84,52,61,NTI,55,41,46,NTI,57,57,46,43,53,55,NTI
Derek Russo,78,62,NTI,68,62,71,76,75,NTI,77,NTI,62,NTI,81,59,55,75,59,61
Alexander Newman,56,53,76,67,EXC,62,61,63,60,NTI,68,70,69,67,67,60,84,78,68
Brittney Blair,93,79,69,72,80,69,81,EXC,81,67,82,62,NTI,87,80,94,71,88,89
Mark Davis,73,56,75,74,78,76,82,77,73,81,85,87,92,85,68,74,81,80,72
David Simpson,62,65,71,77,64,EXC,61,80,74,68,64,59,61,65,NTI,50,61,71,85
Erin Cook,46,82,74,71,82,54,71,80,90,88,80,53,78,EXC,82,EXC,75,82,81
Danielle Harvey,74,85,91,79,92,80,79,83,67,79,EXC,88,88,80,95,81,83,NTI,84
Maurice Hart,75,60,66,69,77,NTI,70,58,EXC,70,73,81,80,78,50,93,90,78,86
Raymond Moore,71,75,69,93,90,84,86,84,72,84,71,85,81,85,87,88,80,74,71
Alice Miller,87,66,67,95,66,50,77,78,81,74,62,77,NTI,78,62,80,85,74,58
Matthew Whitaker,NTI,82,75,61,71,NTI,61,79,60,60,67,73,64,NTI,60,61,65,73,61
Valerie Kennedy,NTI,45,NTI,56,61,62,63,NTI,63,60,66,52,76,EXC,70,56,60,52,75
Karen Rodriguez,84,86,84,98,80,EXC,80,87,86,77,NTI,86,70,EXC,78,95,69,NTI,86
Christopher Roach,70,77,66,77,EXC,EXC,67,62,81,65,64,NTI,70,70,73,79,67,89,87
Gary Smith,50,65,54,63,70,87,66,67,EXC,65,63,64,70,64,59,62,NTI,67,71
Matthew Miller,68,43,65,58,NTI,43,60,46,37,55,NTI,NTI,50,48,46,68,64,44,30
Erin Mcintyre,78,71,69,75,74,61,60,79,71,67,69,78,61,EXC,73,85,69,66,77
Veronica Davis,82,81,83,95,84,98,87,100,94,80,87,96,79,94,95,85,100,95,79
Kevin Vang,EXC,63,91,99,92,88,80,NTI,66,76,96,79,80,81,NTI,98,83,74,68
Curtis Clark,73,88,82,79,NTI,61,77,76,EXC,74,73,70,83,73,75,71,91,74,61
Elizabeth Bowman,45,43,57,62,40,NTI,39,57,55,70,41,38,76,58,56,53,54,56,68
James Allen,57,71,48,68,61,58,EXC,NTI,71,76,72,56,62,68,75,69,81,73,84
Amanda Payne,82,EXC,97,80,94,87,82,78,76,74,93,79,69,88,71,EXC,88,78,EXC
Andrew Miller,89,67,54,91,58,80,89,73,80,NTI,89,66,78,70,79,89,73,75,76
Kathryn Taylor,66,64,NTI,71,73,68,63,85,69,63,NTI,71,70,91,66,83,NTI,88,67
Randy Green,76,93,72,EXC,65,88,83,79,82,81,92,81,87,81,91,70,77,NTI,69
Emily Kent,78,67,74,NTI,63,77,73,NTI,NTI,93,82,NTI,79,69,82,NTI,62,97,94
Stephanie Ferrell,84,81,84,97,95,EXC,EXC,97,88,81,86,83,92,62,93,94,79,90,88
Timothy Andersen,NTI,99,77,68,84,89,75,81,82,63,80,84,96,82,NTI,63,61,NTI,81
Ashley Smith,64,79,64,EXC,76,71,75,67,62,66,60,71,EXC,82,65,80,76,67,53
Heidi Jones,EXC,91,87,82,89,85,91,81,84,85,85,86,93,93,87,76,78,76,78
Ronald Moore,81,75,EXC,81,93,77,93,89,86,82,81,70,92,68,78,58,66,82,86
Anthony White,86,EXC,89,95,97,88,EXC,82,96,NTI,89,87,96,87,86,84,NTI,85,99
Jason Erickson,44,55,EXC,80,63,61,62,74,NTI,37,65,55,55,59,62,74,EXC,79,EXC
Robert King,62,49,66,54,EXC,61,60,EXC,69,49,40,68,63,47,44,44,75,EXC,49
Cheyenne Johnson,61,64,42,62,66,75,59,69,NTI,69,73,67,56,NTI,64,56,65,68,85
Frederick Gonzalez,67,NTI,72,69,70,71,EXC,59,70,49,80,52,67,66,76,51,62,EXC,87
Victoria Vasquez,83,68,80,71,64,80,75,74,67,NTI,72,74,84,78,79,76,73,86,85
Michele Collins,81,58,45,52,42,57,75,59,43,75,68,70,58,70,EXC,62,43,66,62
Andrew Mckay,78,73,71,57,56,81,82,64,NTI,100,NTI,73,89,EXC,71,75,79,63,80
Anthony Tyler,81,83,74,97,89,86,76,94,84,96,83,86,77,92,74,EXC,86,88,87
Cynthia Stone,82,86,84,71,94,75,EXC,90,78,92,EXC,98,71,EXC,88,86,93,79,83
John Salazar,74,92,96,75,85,79,98,85,85,80,97,93,88,89,99,EXC,79,90,77
Kristina Fuller,76,64,76,65,69,74,83,NTI,87,70,91,70,71,79,70,68,77,73,81
Anthony Santiago,86,86,86,89,95,89,92,81,100,88,99,89,96,74,97,90,66,70,93
Susan Silva,38,34,44,NTI,58,56,56,36,52,62,46,38,57,52,53,55,54,54,58
Derek Hinton,71,80,68,77,78,75,78,NTI,NTI,81,76,85,NTI,81,87,77,86,91,71
Patricia Nelson,57,73,61,50,60,72,80,70,56,71,81,77,72,NTI,69,79,84,63,77
Jacob Green,72,80,NTI,58,NTI,83,62,53,60,59,56,49,44,68,75,77,64,69,55
Kathy Stewart,74,86,64,84,91,82,70,86,73,79,71,64,78,60,65,75,75,65,66
Michelle Snyder,73,73,68,81,74,69,67,70,76,91,69,55,65,88,NTI,79,68,65,NTI
Kevin Noble,92,71,91,66,66,86,EXC,82,NTI,78,90,90,81,81,NTI,78,89,EXC,96
Emily Carlson,76,NTI,90,EXC,90,87,64,64,61,88,71,67,96,69,65,69,63,73,EXC
Patricia Yang,NTI,85,69,68,59,72,63,75,68,74,65,55,92,75,EXC,70,62,74,86
Douglas Morales,53,66,71,69,57,64,75,64,61,EXC,82,EXC,70,78,89,30,71,69,71
Richard Ramos,67,81,90,77,68,NTI,95,76,64,81,69,77,NTI,74,92,77,94,79,77
Robert Davenport,NTI,52,51,75,64,85,66,66,69,EXC,NTI,63,61,EXC,64,76,74,74,76
Heather Meyer,76,85,73,59,67,73,78,70,92,NTI,86,77,77,89,NTI,91,74,73,74
Megan Hawkins,67,69,53,68,88,EXC,NTI,NTI,NTI,60,65,71,69,74,NTI,64,NTI,57,93
Teresa Baker,81,89,74,83,84,89,77,89,59,NTI,73,100,82,94,81,85,83,96,86
Jeffery Burke,EXC,88,88,86,78,96,76,77,68,76,74,95,81,96,73,80,74,68,82
Margaret Brown,70,77,NTI,NTI,89,96,79,NTI,85,73,66,97,84,85,80,95,87,90,88
Billy Hoffman,81,72,97,92,80,75,85,79,82,91,92,73,88,93,78,93,81,85,82
Kimberly Hutchinson,53,65,72,50,51,40,46,49,68,74,33,55,55,56,65,49,52,76,46
Lisa Holder,81,NTI,67,71,46,EXC,NTI,57,58,57,NTI,55,61,51,NTI,64,77,NTI,82
Adrienne Herrera,37,62,74,67,60,NTI,52,57,95,61,65,NTI,74,NTI,57,72,43,NTI,80
Amy Fernandez,76,66,69,EXC,64,65,83,65,76,57,NTI,63,52,62,69,50,63,73,67
Brian Johnson,NTI,93,79,75,76,NTI,75,88,95,86,92,77,77,99,EXC,84,96,79,87
Kenneth Brown,62,79,74,82,67,75,84,79,70,67,54,70,72,92,77,62,EXC,64,85
George Williams,82,66,73,EXC,67,92,62,89,83,75,67,68,70,74,77,74,86,73,75
Elizabeth Herrera,62,63,89,59,58,67,64,70,76,81,NTI,64,77,NTI,70,60,68,52,70
Jacqueline Jackson,80,93,84,84,95,79,90,74,80,88,80,93,82,100,90,84,EXC,NTI,78
Matthew Wolf,78,67,82,NTI,84,90,56,70,88,79,72,71,71,75,NTI,63,63,82,69
Sabrina Walker,54,48,EXC,59,54,50,62,65,70,60,47,48,NTI,51,66,60,62,55,48
Michelle Jensen,68,78,78,64,73,63,88,70,63,88,75,65,50,60,EXC,69,77,83,72
Allen Jackson,NTI,76,NTI,99,90,76,83,99,81,NTI,87,80,69,97,EXC,82,77,84,86
Travis Shields,89,98,95,NTI,77,93,81,81,81,88,79,81,98,80,85,98,96,73,92
Michael Houston,73,EXC,EXC,NTI,56,97,72,71,56,64,79,79,85,EXC,83,79,66,88,93
Christine Austin,69,80,79,90,97,98,NTI,56,85,81,72,95,EXC,89,84,61,57,83,76
Kimberly Brady,66,85,79,78,69,71,NTI,77,75,77,72,85,73,46,NTI,65,79,81,74
Jason Scott,75,45,71,68,73,70,57,66,80,84,78,58,54,68,56,53,70,75,74
