Steven Miller,82.36389979959476, 87.57909226436026, 72.39332370117555, 71.63511446649157, 82.68430248207594, 
Christina Hernandez,85.05149593788417, 92.35774145808206, 88.77272011546513, 77.34339600840079, 90.72119952745373, 
Mark Rodriguez,72.93357439484883, 77.90326699929244, 73.97740488888566, 67.71152388408971, 63.49229611624689, 
Eduardo Lawrence,84.00892341903086, 51.68110051102815, 59.883976204017685, 82.405607353564, 72.05232524809595, 
Mario Ramsey,65.23711951946368, 83.53010972819743, 85.98902873295432, 55.61142354159723, 85.81334601212242, 
Jennifer Cook,81.95846485111923, 79.277490717325, 51.76229896569847, 91.45064904122954, 68.58680068239289, 
Maria Rojas,76.89549862713866, 78.692275765653, 62.71150886621259, 66.74781986830988, 92.06096311941471, 
Thomas Roberts,62.26444419747597, 71.835532852374, 79.05016034136753, 86.92597502193134, 74.2633886390537, 
Jeffrey Robinson,48.450554362307756, 76.19957896965009, 81.51410535468376, 70.48118330923757, 75.48676542184874, 
Mark Smith,76.47050676637835, 68.69347542057575, 68.2871327704002, 56.234660544764026, 78.1228140630764, 
Elizabeth Roy,70.41830086511465, 63.69062944346274, 67.99083470352453, 72.30835036582735, 73.3276245034205, 
James Bryan,79.00128003089614, 69.09235595389816, 92.52810846247314, 92.65751089184137, 61.09791337336894, 
Benjamin Sullivan,77.82465839816903, 69.740898054325, 88.99717189664064, 61.13568055195917, 71.12609473560865, 
Jennifer Wilcox,91.24979012816095, 56.05514607157488, 84.3766632837804, 76.33213915713715, 68.26090244261101, 
Amber Wells,66.38543830739141, 74.6785467650417, 79.37483732190644, 58.805518436616595, 72.15393695949865, 
Jared Duncan,81.33385886544318, 93.85405635035835, 76.49654054625059, 84.60851289026027, 84.01168074713485, 
Lisa Jones,88.01018866107881, 80.98603396894933, 81.09533283866129, 83.94924916633362, 83.54305890898124, 
Michael Mills,70.60811340006221, 83.95566192616991, 85.7544957014544, 71.88708083475095, 90.16780229264695, 
Jeffery Anderson,89.5626413175495, 70.7101955265727, 75.90645709459642, 75.72426978947972, 75.15178690897957, 
David Castro,64.24629406002002, 65.99409156083361, 68.56930272541994, 63.28202809379738, 79.98008676309416, 
Amy Smith,75.65116873376314, 65.3638956543601, 74.69846955680231, 76.2220245268842, 65.29524518644821, 
Julia Warren,81.03352899053512, 80.60638875942885, 74.29545465492879, 65.36133841062986, 69.90356470550167, 
Emily Kirk,82.86358887791613, 71.83606645569293, 65.03020568130577, 89.09045137641901, 88.97962228113268, 
Bryan Anderson,70.46762388092877, 74.48514149440969, 73.6652328666272, 74.63354265785402, 73.87862121368615, 
Thomas Gibson,77.90231906132794, 75.11973711130535, 61.823590654401855, 85.70515104032658, 60.82265083487921, 
Alice Miller,67.14418045910719, 72.65633383372416, 89.4731427152997, 76.71772413320487, 78.35255456174423, 
Mary Miller,53.27478358271061, 78.79663762005367, 82.22288774394657, 96.85589974178075, 58.36420220075326, 
Brian Dean,76.00603661133908, 67.84384511392516, 78.75228367253406, 56.894988694677465, 78.19884030183191, 
John Koch,84.31469466250903, 96.88650496318738, 69.81806977226582, 66.06545942065935, 78.94933631841519, 
David Middleton,92.83737564926085, 73.49956087758481, 56.15900323801111, 63.64097473907135, 65.32025282723896, 
Courtney Hancock,63.358659141728076, 87.06539487435552, 79.20596603732209, 76.3606075848248, 75.10411417058314, 
Alex Harrison,94.57215783980591, 73.85038560815737, 83.46157977117699, 73.43624498683003, 83.96894420266449, 
Linda Ferguson,77.36635481761722, 70.70475575069413, 78.37463712452167, 82.17420016483213, 71.71954255094623, 
Alexis Rose,83.22112784295167, 64.75303527636213, 80.38475500754515, 64.92847987587783, 59.110840220718885, 
Hannah Richards,62.74218264261298, 78.72029767224701, 89.06280956370793, 64.16749929499984, 87.8158113107104, 
Jeremiah Nielsen,78.96937284503012, 76.0649709290763, 84.34557509834546, 87.3575168351557, 70.84586597131194, 
Anthony Holt,85.73416111840814, 67.79194619763632, 81.52687964392202, 63.59791771975542, 85.20753563154642, 
Monica Brown,55.702908662557824, 81.25600944354704, 73.53616479459515, 94.51620422994645, 72.14575162598946, 
Jessica Klein,67.6741324488068, 81.48757706543323, 64.94203863361548, 66.13998914701247, 70.5275082957622, 
Jesse Dalton,65.84389086349472, 84.59465138780733, 74.31545391118263, 71.68933635916736, 86.10262410054644, 
Michael Pacheco,82.49612827813398, 74.88753001137489, 78.03283159058536, 87.36084153219913, 73.77615608994448, 
Austin Hardin,69.61456444398381, 67.00525683736426, 80.41680166855218, 79.62017778803803, 73.48960126077756, 
Nicholas Lewis,80.8475083731763, 74.69145233035678, 83.76269440336885, 69.59382576967707, 69.84428325127094, 
Debbie Jones,75.24383150672256, 64.91448240376646, 92.41000000262198, 71.09475349078575, 70.76017496525678, 
Derek Phillips,82.1908018437991, 67.81920705304516, 66.63540998902735, 81.35580515242435, 76.57550338988757, 
Jasmine Smith,66.93441386829923, 68.06737170382141, 61.32311801476517, 79.52321393141983, 78.26815121260954, 
Laura Johnson,64.16651746514815, 87.82001998583401, 58.00454858107898, 77.08286441293012, 75.88016644059394, 
Melissa Bowers,72.59153564592967, 73.11662287256632, 78.86172565798937, 69.536806788029, 82.4458417931154, 
Andrew Krause,84.67662919728834, 78.26674720933536, 75.80305650654151, 76.6768837857045, 71.13079103442892, 
Lauren Rogers,76.59871707360155, 68.84785182928826, 69.87394275574034, 86.34676776625511, 82.25841905954304, 
Monique Williams,65.89615766878217, 73.36230679612392, 63.82482860292638, 79.8536877181808, 78.41398457241603, 
Rodney Yang,85.172633274029, 74.11427421515796, 64.82398852032446, 70.92683751726962, 72.24294786425718, 
Carolyn Boyd,66.77155664685577, 92.96158876562072, 85.57478734920875, 62.76262977821975, 67.67824707027904, 
Richard Williams,61.714592686470624, 56.94419278972503, 86.04348716817807, 65.9263659180145, 53.50984464773715, 
Mary Bennett,76.424818814895, 95.27951427651514, 52.11001571234519, 61.69143260458825, 79.76162153565191, 
Jeanette Anderson,91.067647546188, 85.94038399678634, 54.99108175180036, 64.30676337743378, 84.61390065987125, 
Jacqueline Bowers,75.18378498930622, 68.08027074323464, 75.00419185289981, 73.69901281839972, 79.35142369904811, 
Debra Ortiz,80.20246257913088, 87.81301481670015, 77.9821340649179, 86.6773421481317, 68.23482239990601, 
Vanessa Shields,67.99632273167815, 78.47560956190706, 78.43316744360372, 86.50031580653989, 82.32311264724736, 
Ricardo Cabrera,81.97606569058975, 68.26790314342895, 53.783419479082774, 75.32691103291594, 69.73322279837024, 
Samantha Travis,67.72727755572394, 76.41408494319496, 67.12121571675986, 53.16956748624563, 71.4896611247802, 
Kevin Woodward,78.65677369421927, 82.54023328420452, 61.81055881671253, 60.3203852300015, 91.34310197624333, 
Antonio Randall,79.3297756210348, 79.71283997319186, 71.90083302888164, 68.35560067793331, 80.05547432628023, 
Timothy Huerta,71.7867749367302, 84.0216897108744, 50.33965409830712, 70.1964182065535, 82.43286286092575, 
Donna Miles,82.07233628616191, 77.29863282681436, 81.33123356760217, 82.55855562758319, 88.92336866076053, 
Bradley Galloway,62.88694832824176, 78.36094771487146, 78.73924647443584, 70.48194131093216, 69.15048346586563, 
Christine Brooks,67.11925586978727, 82.47680476412417, 71.58163886320594, 81.98448411330882, 74.62895627499879, 
Rebecca Reilly,85.5344061412501, 75.10134227774545, 71.51049196889718, 77.02863397464732, 59.262065812005254, 
Jason Cervantes,50.46391761110535, 77.85361394784918, 75.39032581988653, 79.67856786578905, 70.14907162475947, 
Brandy Jackson,88.0920894097084, 60.64778269791722, 79.72082433800446, 94.57620835112763, 72.1236831827545, 
Douglas Willis,85.2070210288309, 82.0704717430625, 74.01299565304062, 77.9703229720836, 72.516233975701, 
Andrew Murphy,87.61627548421598, 88.3856011056779, 56.86217940628713, 94.17899013959425, 79.6381201374069, 
Jason Erickson,65.62054268249277, 71.0331198397444, 86.54296689940621, 90.09905509106895, 86.75269851084124, 
Richard Olsen,84.3672833150137, 79.18892169623219, 76.62747607800534, 88.84219890157561, 81.27451739841482, 
Lance Williams,70.98506369944751, 89.2550602486268, 77.74508528265801, 75.25272475339693, 71.09732339621962, 
Emily Boone,68.44145126433044, 85.13278924255735, 80.96903540504107, 59.743114329271464, 74.21417068603142, 
Alexandra Garcia,75.77929188141634, 58.72377001461443, 80.57338590931192, 77.56941117619397, 80.61442757465038, 
Melissa Wolfe,80.24785804926574, 64.73019299774671, 69.28772337408748, 79.43944636874599, 76.24365133857943, 
Cody Rodriguez,74.00996170997742, 82.60098401301673, 76.06173623376243, 71.22163827703122, 65.73039693435993, 
Natalie Howell,84.65496813583769, 75.46221407708158, 65.13007995968702, 76.66633468122632, 77.4072221310401, 
Brian Wright,89.54215234757365, 82.71161660297437, 75.68026211032816, 88.02363364814879, 86.97339368959982, 
Shannon Howard,72.55099887327894, 70.17789328568284, 68.20964771230125, 79.6527709688654, 86.81866005938187, 
Rachel Ferguson,86.17817589544606, 87.04593118271357, 72.53566284653695, 65.38052596780057, 70.29642649623105, 
Shawn Keith,67.82050165348763, 75.57216533591811, 76.35180021982306, 82.09738759018398, 66.19685173264497, 
Samuel Thornton,64.35520618520871, 67.30921256145018, 77.07212168987326, 98.27987668760744, 88.71524883651482, 
Lee Ray,62.28505983353763, 77.14328921909369, 61.717060277764524, 95.92170980326766, 79.34036806676012, 
Garrett Scott,74.60958001421173, 67.4213428955783, 76.50821528864138, 78.03833965392751, 82.87856383241296, 
Robert Aguirre,75.81675219890852, 64.86162693903982, 77.88070951534705, 82.72046522206537, 77.16581251123652, 
Heather Newman,84.64038673178328, 78.29059869194505, 76.20585953427647, 73.8004781712429, 80.0120344073689, 
Michelle Burns,66.89667922295942, 81.94186560446141, 70.93983448345593, 81.46747023457061, 64.68687467562125, 
Dana Melendez,81.59968539471035, 94.0970067434334, 78.19387270726322, 56.88947112653051, 70.52233478242316, 
Taylor Reed,59.56593755588023, 66.92827238041144, 81.1096847399954, 68.9291417606809, 74.42683331559559, 
Natalie Dean,67.77276429361659, 91.40089985955265, 75.48363111101337, 65.62206526739104, 62.60570249661713, 
Marc Mcdonald,76.88595181008857, 60.247983134350065, 67.88745229408131, 83.93212790448054, 83.32767071708969, 
Angela Wyatt,80.2878876676094, 84.6638567253184, 86.81254862065161, 59.90853741115984, 65.06040529608885, 
Steven Harmon,98.76467896716872, 71.23465508173842, 75.25414171612633, 65.15507208787781, 84.22802861590944, 
Heather Walter,63.74843479606968, 71.33044148121681, 75.79678063721468, 81.0390565259495, 76.86151777116889, 
Emily Murphy,90.39352115986756, 59.98325120507207, 79.63763317756477, 71.51923680071515, 64.56190002060279, 
Justin Schmidt,77.87503419777148, 81.4482953094215, 61.29915825872061, 80.71857738478049, 74.1593806824606, 
Blake Gomez,81.89177139687752, 69.44064987834794, 85.91293972118297, 75.89589158039229, 67.17067627892285, 
Brett Thompson,83.92110990235294, 88.97408642412155, 80.33572100008186, 89.21056952586238, 74.72404028053008, 
Travis Shields,60.66645174428001, 84.38806483606851, 73.88777739631838, 77.34004167063337, 81.21154803075673, 
David Marshall,57.57841772579981, 88.4884377676459, 70.27148380962225, 63.86413036488108, 72.87453090613309, 
Lisa Jenkins,79.88254651535084, 69.80794825280512, 62.121973612135385, 72.42717024754972, 81.92355979915382, 
Mrs. Deborah,67.96023182102337, 74.75186989553892, 64.31329501319256, 67.18041358155754, 75.51670952305028, 
Mark Kelly,68.57995436956827, 68.91680570028852, 59.795471273610325, 81.56837735017626, 74.59803940029155, 
Heather Garcia,88.80496568816278, 75.93815152412303, 63.29692614028884, 80.05049528652751, 71.18411104847648, 
Charles Neal,89.2828798990221, 78.04929400443952, 71.50716733620372, 88.49791487996237, 78.28519145618637, 
Austin Peck,88.82078528378172, 87.80781314758009, 79.70889697444838, 95.28300752092105, 70.84567225973879, 
Gregg Ward,65.72661531503078, 72.0343918320664, 59.421360820590294, 67.12630666214007, 63.39282586384608, 
Sean Schmidt,86.7546322827251, 84.94199668717602, 77.08291706599603, 79.05114652255816, 70.02164871699023, 
James Michael,75.65202328787207, 68.3428657992773, 79.0735749123337, 71.24100443475581, 63.364938627629485, 
Ms. Patricia,82.01278004576312, 67.94758997205824, 77.63788380016946, 82.26558198680132, 69.36763105578945, 
Matthew Frank,81.51639892252777, 84.15700788361926, 70.18897594140807, 72.61083975046455, 52.076308374119165, 
Heather Burch,70.52423068427504, 84.19143730816074, 75.05465104140399, 71.33382510881503, 70.56113779729228, 
Russell Leon,73.76776021849476, 74.10376542329024, 76.17784072916088, 63.698729030026314, 90.25038331419493, 
Renee Rivera,81.30718147026317, 77.47539137693961, 74.57036004925727, 85.05503214261245, 65.07202493950959, 
Troy Miller,77.99845771501373, 63.8944935529134, 83.97717804094721, 45.744337136569285, 68.92395068382675, 
Allison Simpson,79.26196813536055, 84.31623353282461, 85.19652168995981, 76.62603352768951, 74.83509122305443, 
Kevin Harrison,65.78605349911798, 91.86602680650216, 78.35771250022283, 80.03665183654752, 77.75863981922606, 
Samantha Griffith,75.25952086630213, 74.23302494323303, 82.93384843291668, 80.43466669643108, 82.01716632174495, 
Hailey Martinez,80.51706601182778, 78.22688169872973, 79.76989346410731, 91.0427420202418, 81.58517724074983, 
Dean Jordan,84.39249565400915, 76.02723202107923, 65.7131403019356, 78.55580119553832, 63.289956862833876, 
Timothy Schwartz,88.64069201035599, 64.12295302683741, 87.81507947148279, 80.13071834433948, 75.48812829562823, 
Jacob Rodgers,67.99665243183186, 74.92450682281586, 76.16014941654376, 58.75069103911268, 86.35352914087942, 
Daniel Simon,64.6322619301862, 71.83372846421098, 87.66653231857308, 86.49943971132954, 70.56975135845111, 
