Name,HW1,HW2,HW3,HW4,HW5,HW6,HW7,HW8,HW9,HW10,Project1,Project2,Quiz1,Quiz2,Quiz3,Quiz4,Test1,Test2,Final1
Michael Jackson,79,67,91,NTI,79,87,NTI,86,43,81,NTI,65,75,77,65,77,85,73,76
Wanda Franco,52,EXC,NTI,59,63,78,71,54,52,61,43,54,56,72,62,67,57,50,62
Jacob Patterson,EXC,NTI,100,EXC,67,87,84,77,81,94,94,79,79,80,63,98,81,69,84
Lindsey Brown,85,NTI,68,71,63,76,69,70,72,61,76,NTI,55,70,74,55,61,85,NTI
Brandon Little,66,73,59,75,78,81,81,65,88,77,62,69,90,67,94,NTI,51,85,57
Ronald Steele,NTI,52,NTI,65,76,NTI,64,80,79,73,76,65,51,98,89,87,65,68,NTI
Keith Walker,56,70,EXC,59,55,57,55,73,61,64,72,77,69,78,48,91,60,68,62
Lisa Davis,NTI,93,69,66,74,72,79,88,80,89,76,82,83,92,71,82,85,EXC,EXC
Brian Smith,EXC,NTI,48,39,62,49,NTI,75,43,71,61,59,47,39,35,40,64,70,53
Jennifer Johnson,73,79,85,63,77,EXC,68,NTI,NTI,80,94,86,81,84,85,94,87,98,77
Angela Robbins,82,81,79,92,91,85,84,NTI,100,96,92,94,91,85,86,86,83,NTI,95
Melinda Taylor,86,NTI,91,59,89,90,71,NTI,94,82,79,77,82,93,78,93,80,76,NTI
Jennifer Reed,90,55,43,69,62,72,49,65,61,61,58,84,67,57,63,68,65,67,68
Gregory Brown,72,59,71,77,53,60,66,58,52,73,59,85,74,EXC,53,52,47,61,58
Nicholas Meyers,89,75,81,72,95,93,81,79,EXC,60,79,78,91,88,79,74,76,84,86
Mary Rasmussen,77,86,75,56,80,75,73,73,82,50,EXC,70,65,72,73,67,74,47,79
Casey Tanner,92,82,77,89,86,84,62,91,72,80,NTI,75,87,87,65,93,85,74,84
Kenneth Richards,84,91,84,70,91,77,92,94,98,80,96,83,88,84,81,83,83,88,83
Lauren Brooks,64,80,67,54,84,85,74,71,65,75,82,65,71,49,71,56,75,80,80
Matthew Schneider,73,84,75,78,73,61,77,57,68,73,59,75,89,EXC,81,75,64,67,EXC
Jennifer Harrison,91,58,EXC,66,74,87,74,71,80,EXC,75,95,93,83,99,79,74,72,74
Rachel Brewer,93,91,79,90,92,92,77,89,EXC,82,75,90,79,92,82,99,86,79,78
Donna Cummings,74,63,78,73,75,71,81,77,74,64,77,63,78,NTI,81,63,60,NTI,82
Elizabeth Hodges,68,57,80,86,81,80,97,90,90,93,72,90,83,94,87,84,84,86,86
Ralph Gilbert,85,63,54,62,EXC,80,68,66,99,87,74,76,71,70,91,67,75,92,NTI
Lisa Rojas,76,84,73,78,67,92,76,100,EXC,81,84,79,75,82,68,71,NTI,EXC,79
Christopher Rodriguez,91,78,85,NTI,63,74,81,79,92,73,81,NTI,61,81,89,80,74,90,87
Timothy Hall,79,88,88,95,NTI,EXC,67,NTI,68,85,87,71,EXC,NTI,EXC,72,NTI,88,61
Kristine Thomas,49,60,83,79,80,75,66,44,78,70,60,71,59,64,62,63,72,70,62
Jessica Walker,47,61,54,60,50,59,NTI,59,49,68,62,67,58,NTI,56,58,31,NTI,69
Michael Stewart,81,76,87,NTI,80,80,64,80,81,87,85,75,EXC,94,91,95,91,81,84
Kara Martin,76,82,77,94,75,93,94,90,70,93,69,71,96,76,83,94,82,75,80
Jessica Cervantes,73,54,71,75,61,65,89,44,68,66,82,66,NTI,57,74,67,75,57,61
George Bentley,65,69,84,90,61,67,67,EXC,EXC,76,57,NTI,71,42,63,74,64,46,56
Karen Adams,91,87,78,85,73,74,89,83,79,90,76,79,83,79,98,84,92,99,NTI
Jacqueline Ray,73,79,88,72,84,80,70,90,62,78,74,67,84,70,NTI,75,77,79,94
Janet Sanchez,NTI,46,50,54,83,60,59,61,68,70,62,NTI,70,78,65,80,67,64,58
Loretta Wood,56,NTI,72,74,59,66,EXC,54,68,71,64,75,73,66,69,67,72,68,NTI
Michael Davis,63,84,86,71,74,85,EXC,71,80,86,88,83,EXC,86,87,71,80,69,66
Matthew Young,71,83,86,87,87,80,89,84,98,92,80,64,58,96,91,84,84,76,90
Kyle Simpson,56,53,55,56,52,68,59,60,EXC,44,72,66,NTI,55,64,66,39,NTI,35
Richard Wiley,91,96,100,91,99,96,92,97,78,89,87,92,99,98,89,87,88,87,88
Melanie Butler,52,NTI,55,NTI,51,60,57,58,57,44,51,EXC,54,72,65,64,70,64,52
Tina Lopez,80,NTI,81,82,85,78,87,89,82,79,90,EXC,68,87,NTI,86,90,82,79
Paul Gonzales,64,EXC,70,69,79,55,EXC,79,73,68,50,74,73,71,60,51,65,69,45
Anna Ferguson,65,73,78,EXC,77,68,75,72,80,62,76,81,62,NTI,69,46,75,93,67
Alexander Rodriguez,67,60,76,81,75,78,80,75,73,94,83,79,NTI,NTI,67,57,84,81,NTI
Mark Larsen,61,54,64,66,78,74,79,71,55,77,75,79,60,70,79,EXC,66,81,76
Gregory Santos,60,75,61,EXC,81,64,42,68,88,NTI,59,61,57,52,59,66,65,47,66
Brittney Blair,63,77,53,76,58,88,EXC,79,64,68,83,80,74,60,84,60,68,55,87
Kathleen Wise,60,NTI,64,NTI,61,83,NTI,60,EXC,68,59,67,67,NTI,EXC,77,64,59,51
Barbara King,83,88,84,75,75,67,EXC,68,65,79,59,53,66,60,66,52,78,67,73
Heather Powell,86,75,EXC,92,97,72,80,89,89,86,98,82,76,79,81,73,NTI,90,78
Debra Griffin,86,93,EXC,82,84,88,82,NTI,78,73,NTI,85,78,72,78,91,81,79,89
Erin Cook,60,86,58,65,EXC,61,NTI,75,70,70,67,85,EXC,73,NTI,85,63,65,56
James Pittman,99,93,87,94,81,97,97,100,97,EXC,84,92,85,NTI,93,84,94,99,93
Danielle Steele,76,84,82,67,79,93,EXC,63,EXC,87,82,85,79,87,92,84,75,76,90
Albert Ho,52,57,NTI,NTI,NTI,61,50,64,55,45,63,60,50,56,NTI,NTI,59,49,64
Patricia King,95,84,93,89,96,86,91,77,88,84,90,86,83,80,93,97,79,79,91
Thomas Thomas,54,46,52,56,53,49,51,62,65,68,NTI,53,70,62,59,52,75,NTI,59
Nancy Washington,90,NTI,90,83,81,74,78,86,84,82,80,82,88,71,73,67,NTI,63,72
Carlos Barber,81,68,82,84,65,78,89,88,80,EXC,80,NTI,EXC,100,90,96,80,83,87
Monica Rodriguez,NTI,78,77,98,92,91,88,95,86,91,93,87,87,80,97,87,NTI,76,98
Natalie Mcintosh,74,83,83,52,69,74,67,NTI,66,52,EXC,67,60,67,58,67,EXC,53,63
Jonathan Vasquez,62,81,EXC,86,94,78,79,92,91,78,73,89,84,72,NTI,67,77,83,85
Crystal Cantu,65,71,66,79,70,72,59,74,72,76,65,68,64,83,72,72,68,EXC,70
Christopher Harrison,95,96,80,91,73,84,84,88,83,69,66,NTI,79,88,96,90,NTI,90,76
Mark Rodriguez,59,EXC,63,38,41,57,64,64,EXC,EXC,61,74,52,61,86,79,EXC,60,71
James Bryan,81,62,65,63,61,59,66,70,74,53,75,60,77,75,57,76,63,93,68
Christina Russell,46,75,76,53,78,67,70,77,67,NTI,NTI,67,NTI,72,71,58,75,81,NTI
James Allen,75,70,64,NTI,EXC,82,67,72,61,71,73,EXC,81,90,58,66,70,63,82
Erik Herring,67,80,77,63,70,65,67,65,NTI,71,65,86,80,66,65,69,57,63,57
Amanda Payne,88,79,90,81,93,88,87,91,59,81,94,76,NTI,76,94,79,79,70,EXC
Jill Haley,74,86,80,70,68,99,84,88,79,81,77,83,73,55,78,83,74,97,71
Christian Clark,80,69,87,91,NTI,72,EXC,75,82,89,94,96,72,83,85,98,EXC,75,95
Andrew Miller,NTI,80,81,62,72,83,52,59,63,60,92,55,77,71,EXC,83,99,81,61
Robert Hernandez,85,99,74,99,NTI,84,91,90,77,EXC,88,79,82,81,95,96,73,NTI,93
William Riley,51,EXC,64,77,67,78,86,63,72,58,68,NTI,78,82,75,61,61,73,69
David Lawrence,55,51,70,67,54,67,73,82,64,60,66,46,70,65,45,58,65,81,55
Kristin Brown,85,89,89,EXC,73,87,77,76,72,81,EXC,83,93,59,82,80,78,84,69
Taylor Williamson,EXC,92,91,73,54,71,68,81,74,84,65,74,94,85,83,54,68,81,72
Ann Garcia,82,85,72,65,77,85,81,70,91,81,71,NTI,80,71,72,65,72,93,73
Shelly Brown,86,87,69,79,72,71,68,86,97,73,79,62,67,69,97,70,80,86,86
Miranda Long,65,70,87,70,NTI,87,75,73,NTI,72,78,68,74,82,87,92,72,NTI,69
Marc Knight,93,95,92,84,99,77,84,98,82,86,76,95,78,90,92,92,98,89,99
Timothy Andersen,43,64,71,66,71,66,62,50,63,51,EXC,61,60,68,68,65,68,68,64
Mark Powell,69,55,EXC,NTI,67,69,72,EXC,52,67,63,60,68,NTI,45,52,81,69,44
Rodney Mckee,EXC,54,59,88,66,70,57,76,58,71,EXC,74,72,63,60,61,70,53,75
Cory Harris,72,55,76,66,84,55,80,60,78,93,74,66,76,73,71,66,85,69,EXC
Steven Cole,91,75,85,71,74,80,58,74,81,59,79,EXC,70,83,NTI,57,66,78,72
Heidi Jones,45,61,52,64,55,55,NTI,40,82,58,65,62,62,68,62,81,62,69,62
Ronald Moore,86,70,77,85,90,74,80,88,90,89,78,77,71,NTI,91,82,94,84,81
Kristin Vasquez,97,EXC,100,EXC,86,97,98,90,91,NTI,90,92,96,95,96,83,EXC,75,90
Jennifer King,60,61,70,72,80,67,72,86,63,77,EXC,62,95,49,84,68,77,EXC,60
Tyler Dean,91,80,82,90,91,85,94,NTI,61,NTI,82,77,84,87,75,83,95,NTI,80
Robert King,NTI,74,60,71,79,64,92,84,63,69,81,88,93,85,82,87,80,75,72
John Pollard,81,92,86,NTI,EXC,85,76,92,72,84,75,68,93,69,69,82,73,78,75
Elizabeth Barnes,76,89,96,67,89,99,80,95,EXC,73,96,72,74,81,79,75,81,88,65
Caroline Garrett,74,45,NTI,60,55,49,67,71,66,60,EXC,78,53,52,59,56,66,71,EXC
Alexis Bradley,NTI,78,71,69,NTI,NTI,NTI,EXC,76,NTI,68,90,51,74,84,65,60,62,70
Paul Murphy,71,NTI,79,75,EXC,64,NTI,EXC,EXC,79,EXC,93,71,80,71,85,73,72,64
Chad Johnson,71,NTI,86,94,86,EXC,88,70,71,88,63,NTI,76,79,82,78,NTI,NTI,82
Michele Collins,68,56,53,71,68,61,63,61,64,84,73,76,61,64,63,EXC,53,63,53
Deborah Gordon,63,56,73,83,96,88,87,86,NTI,87,88,78,EXC,93,67,94,87,82,88
Krista Kelley,76,75,93,72,66,97,73,72,69,71,99,76,81,82,77,84,74,90,78
Timothy Owens,57,65,68,56,68,71,78,71,99,69,80,85,78,EXC,69,66,49,76,77
Jennifer Horne,87,NTI,82,63,85,86,93,95,75,84,NTI,84,83,84,78,71,96,93,71
James Davis,95,91,94,93,96,76,73,68,EXC,91,NTI,66,89,80,96,82,95,87,90
John Salazar,56,EXC,NTI,53,53,62,67,56,61,48,58,NTI,58,NTI,64,68,NTI,61,49
Mark Huynh,84,75,79,71,77,67,81,51,71,45,78,81,72,88,EXC,76,71,81,75
Matthew Cook,74,EXC,66,70,61,87,70,78,82,59,91,69,66,NTI,NTI,87,63,81,88
William Mann,69,NTI,68,57,66,62,67,61,37,58,42,EXC,51,NTI,45,59,63,EXC,70
Bianca Gonzalez,67,EXC,77,EXC,73,EXC,78,69,80,92,EXC,70,94,89,83,73,91,87,87
Oscar Smith,73,58,77,NTI,63,60,44,71,52,55,53,68,56,58,NTI,78,51,52,56
Cory Kelly,85,79,NTI,70,76,69,77,80,85,78,83,63,82,86,82,90,76,74,88
Samantha Hampton,88,78,79,79,77,70,78,87,73,EXC,77,86,91,67,76,76,83,61,65
Susan Silva,70,61,53,60,65,71,60,59,62,NTI,NTI,62,66,43,52,56,46,56,56
Taylor Frank,55,48,NTI,61,42,20,57,51,45,59,47,61,52,50,40,EXC,49,46,39
Kevin Holmes,92,NTI,84,76,71,86,80,90,77,70,NTI,59,NTI,83,63,EXC,89,NTI,NTI
Patricia Nelson,87,65,73,52,73,63,53,70,EXC,NTI,79,89,NTI,66,78,NTI,75,58,64
Lisa Hammond,82,87,77,79,63,77,82,83,81,57,83,66,78,73,69,66,NTI,74,85
Rachel Graham,64,75,84,68,NTI,NTI,66,75,100,71,79,NTI,79,91,70,85,59,89,76
Kristen Schmidt,53,73,64,70,54,61,73,58,48,41,66,37,80,63,57,60,63,61,62
Cheryl Jimenez,NTI,82,80,87,EXC,NTI,74,78,70,89,71,87,76,69,EXC,EXC,65,NTI,79
Brandon Reed,53,NTI,75,64,59,54,59,52,60,69,73,54,77,76,72,59,73,75,50
Jennifer Davis,71,75,86,84,86,EXC,72,100,72,78,86,87,85,70,93,73,77,82,EXC
William Alvarez,89,75,79,79,75,96,82,96,74,EXC,81,EXC,86,90,67,93,80,92,86
Kathy Stewart,54,59,76,57,47,45,48,75,53,48,47,55,44,60,76,62,68,41,52
Michelle Snyder,99,89,69,73,79,85,69,82,85,85,EXC,73,NTI,90,83,84,81,EXC,61
Antonio Johnson,NTI,72,85,72,84,66,65,69,NTI,86,75,87,EXC,78,85,71,54,70,68
Thomas Henderson,53,58,NTI,52,60,58,61,35,64,32,39,49,45,63,51,54,40,49,52
Jason Tucker,63,63,73,74,66,59,80,56,72,73,67,61,74,68,NTI,66,74,EXC,NTI
Brittney Lawson,79,71,80,67,82,73,NTI,69,68,84,80,73,67,67,73,77,75,54,64
Emily Carlson,79,81,89,81,75,100,83,73,76,89,86,89,78,79,87,88,NTI,60,70
April Joyce,75,84,79,94,84,EXC,98,78,75,84,76,77,EXC,95,85,64,90,88,62
Robert Jefferson,59,67,48,62,59,61,60,59,79,73,66,83,EXC,NTI,65,44,72,NTI,71
Douglas Morales,79,91,NTI,85,80,100,NTI,75,NTI,61,73,88,90,63,72,60,NTI,NTI,89
Nicole Adams,78,95,90,55,70,83,NTI,74,59,96,71,100,74,85,91,99,88,96,81
Ricky Long,77,94,EXC,81,86,87,NTI,NTI,96,87,EXC,NTI,93,NTI,82,86,85,90,97
Kimberly James,76,76,57,78,61,NTI,56,66,49,84,59,60,80,72,67,93,62,53,56
Ryan Thomas,100,89,90,68,97,72,74,73,77,87,100,93,98,84,79,96,86,EXC,94
Megan Hawkins,66,76,63,57,EXC,69,69,79,EXC,EXC,NTI,45,59,59,80,68,70,68,69
Brian Powell,78,70,69,60,67,74,62,68,77,62,65,60,82,66,55,EXC,62,56,EXC
Bruce Sanders,87,60,71,57,88,74,NTI,80,72,NTI,71,NTI,84,NTI,67,80,76,EXC,NTI
Jennifer Wilcox,73,57,70,82,62,70,73,65,59,58,70,72,55,66,83,71,68,81,57
Jeffery Burke,71,83,EXC,69,77,65,66,70,64,81,64,61,64,61,90,88,85,EXC,78
Christopher Patterson,87,81,81,NTI,73,84,87,89,NTI,93,72,77,90,83,80,100,73,93,89
Billy Hoffman,73,81,47,80,77,73,92,86,64,63,66,81,63,52,65,82,89,76,67
Kimberly Hutchinson,86,80,74,75,96,NTI,91,85,100,NTI,92,80,73,87,87,82,EXC,93,84
Anthony Berry,95,68,75,58,79,80,80,83,NTI,92,96,94,70,NTI,79,86,87,65,NTI
Steven Murray,58,64,EXC,68,77,64,80,76,86,59,NTI,58,EXC,71,91,55,76,68,65
Timothy White,80,80,77,83,97,87,85,85,76,78,87,92,EXC,77,81,NTI,91,EXC,79
Sarah Hess,89,85,80,100,81,87,95,100,84,96,82,93,94,96,95,66,EXC,99,94
Christopher Davis,62,74,57,55,63,62,58,54,54,57,NTI,65,46,59,62,71,84,82,NTI
Sarah Simon,NTI,62,75,72,80,72,69,82,64,76,92,54,66,65,71,77,77,74,60
Matthew Wolf,71,65,71,75,73,61,67,75,51,80,71,62,90,72,48,EXC,71,76,57
Brandon Frey,54,47,61,47,61,56,56,57,59,67,77,47,NTI,48,56,77,59,62,51
Kristin Hampton,78,69,75,74,87,92,87,82,86,73,88,78,79,86,84,80,85,NTI,89
Heidi Miller,85,EXC,97,NTI,100,75,84,86,94,93,97,NTI,89,81,99,95,91,76,88
Kaitlin Austin,80,73,55,54,72,80,76,72,80,EXC,NTI,NTI,78,82,89,NTI,72,EXC,55
Allen Jackson,90,NTI,82,NTI,NTI,76,82,98,76,NTI,81,88,78,98,85,84,83,98,91
Matthew Green,74,82,76,66,76,81,63,NTI,64,63,71,67,79,58,67,85,72,75,64
Travis Shields,76,89,59,60,75,59,83,64,71,73,82,74,59,86,75,68,53,79,66
Michelle Flores,81,49,57,89,66,76,72,74,62,62,60,70,70,69,NTI,61,76,55,73
Brett Campos,92,64,63,64,77,67,66,EXC,EXC,57,70,69,EXC,65,77,56,65,64,64
Andrea Perez,70,76,55,74,79,81,81,NTI,71,71,70,74,78,81,84,51,65,87,61
Christine Austin,95,85,85,95,95,62,87,99,81,82,88,97,73,94,84,73,88,85,78
Tom Harris,73,64,64,59,74,72,79,64,EXC,52,EXC,82,42,71,61,45,52,55,74
Angela Cisneros,49,65,60,60,67,55,73,54,68,54,67,EXC,40,47,69,61,65,59,52
Claudia Williams,76,66,88,64,59,79,72,61,46,57,67,73,58,EXC,66,69,81,81,74
